845 351
22 130
799 711
371 448
88 249
255 714
794 842
83 415
877 650
557 811
205 904
698 23
577 847
731 207
453 565
981 890
825 327
258 425
614 98
852 105
71 13
356 154
187 745
501 408
100 55
831 814
75 492
299 291
484 69
802 484
836 395
853 334
153 90
424 863
829 979
883 922
473 323
320 215
364 133
25 712
186 549
890 603
477 951
76 967
578 334
453 881
383 145
316 299
701 943
134 32
403 139
634 694
64 402
331 635
618 488
921 681
438 135
214 644
324 851
614 94
96 371
440 795
150 441
808 733
113 433
493 473
485 269
857 195
828 186
976 753
849 770
119 586
347 899
60 12
652 218
775 240
793 220
319 587
520 473
215 874
282 875
923 409
540 214
174 572
204 721
42 525
801 279
880 202
121 684
18 867
432 782
579 675
762 835
457 28
704 659
501 664
102 232
834 926
325 226
92 681
389 901
400 302
815 284
876 973
487 24
139 856
592 238
876 810
249 619
784 942
293 272
784 751
356 524
928 212
69 835
814 870
263 289
334 719
395 641
610 478
383 650
759 968
209 590
56 568
634 248
423 114
365 174
739 662
592 448
810 998
885 772
147 636
221 515
186 63
850 641
865 982
221 485
828 854
636 770
56 663
916 77
870 740
973 642
991 599
2 203
355 558
245 944
802 559
816 536
474 376
167 56
201 481
361 926
383 481
928 286
747 736
504 371
595 132
321 104
997 117
128 134
800 7
836 670
344 41
403 405
881 378
793 382
973 621
342 933
47 17
938 145
429 568
365 325
412 949
905 537
37 565
153 637
652 833
357 59
174 423
118 924
739 1
158 662
260 652
55 727
128 148
805 101
794 575
788 962
426 345
742 804
946 809
451 924
590 775
335 93
921 410
749 794
746 198
769 711
54 802
983 980
693 443
675 151
587 669
310 35
40 299
753 627
89 40
134 259
430 842
129 615
1000 615
661 448
344 819
31 680
405 213
46 125
246 289
666 787
0 0
401 339
879 946
546 304
157 960
325 216
963 701
104 446
22 565
763 0
238 32
330 49
56 1
435 52
860 806
383 240
888 43
410 855
793 32
33 238
926 386
779 345
744 70
367 549
6 304
57 260
369 558
228 750
968 786
6 815
211 408
624 354
548 3
360 466
987 691
870 642
492 362
53 909
639 665
993 776
14 329
475 523
568 791
490 131
318 968
264 996
228 16
573 592
274 426
551 734
351 0
953 55
964 683
586 870
477 392
894 572
219 883
947 374
738 912
562 110
973 939
645 450
929 720
423 19
624 677
2 130
0 96
391 93
981 879
277 86
595 416
598 608
972 296
534 896
149 653
239 993
748 475
310 93
575 362
321 68
102 478
135 793
568 555
570 424
772 483
856 142
949 767
528 712
997 573
982 262
645 924
869 899
495 208
598 615
679 589
246 883
460 427
112 912
781 459
473 608
381 655
371 130
730 299
857 301
983 544
975 898
39 650
678 876
689 25
642 285
579 301
703 637
890 950
585 71
776 557
275 585
780 982
168 550
243 136
478 143
419 366
619 962
906 755
732 736
96 908
170 630
138 104
452 975
566 669
334 488
771 537
587 866
859 898
796 435
961 469
308 919
610 128
303 11
401 954
626 18
809 934
767 296
346 788
2 54
767 32
100 117
692 153
869 398
504 666
66 60
711 568
189 874
790 824
52 550
684 144
816 875
852 812
55 82
920 696
571 356
561 227
862 597
86 87
106 116
416 331
606 853
426 208
516 381
402 578
532 767
163 337
885 553
291 760
833 3
576 962
351 318
869 442
668 540
25 814
684 541
888 908
253 455
139 193
877 125
679 763
911 999
481 267
579 909
96 111
366 362
656 410
169 77
90 678
920 49
296 485
300 180
268 326
924 573
463 972
610 714
682 344
935 82
84 791
142 140
826 935
128 264
318 307
26 253
85 393
321 613
506 34
424 9
78 557
430 652
796 157
389 781
484 303
656 994
139 130
11 94
907 936
558 931
801 670
571 498
856 277
703 245
722 964
911 679
860 115
272 413
624 529
527 601
594 458
423 550
8 578
641 902
181 355
58 241
355 541
483 785
543 872
788 790
542 486
25 584
872 253
226 65
462 531
298 265
922 562
864 339
360 622
592 538
51 819
560 945
3 619
922 236
294 391
627 738
452 578
484 289
434 551
320 560
101 753
197 876
188 863
81 332
578 335
215 259
850 147
278 401
9 707
817 142
88 693
218 15
217 593
950 54
949 650
431 463
36 350
7 63
821 594
826 676
707 855
301 519
396 260
258 481
302 962
24 349
491 333
111 898
141 497
939 382
73 811
718 702
814 776
829 144
389 376
718 258
475 707
285 661
589 145
319 906
923 871
339 320
799 117
690 927
306 985
708 712
133 165
72 32
301 440
613 722
484 276
346 172
469 411
847 524
773 924
835 376
916 156
763 422
991 473
781 944
315 973
926 779
509 841
956 676
265 264
114 493
746 329
28 471
880 915
940 884
646 667
27 599
654 279
226 181
385 581
35 204
722 342
734 359
287 670
79 477
593 784
846 855
846 60
919 764
855 235
538 374
168 458
386 839
449 941
126 693
374 966
637 417
438 175
148 88
477 603
177 201
637 846
280 50
839 212
387 869
209 579
86 400
111 144
645 66
844 869
319 333
734 418
740 685
755 148
446 569
823 995
22 333
43 445
195 325
47 577
484 906
945 983
349 198
476 726
546 880
494 432
778 216
352 35
256 831
824 526
558 677
686 342
12 657
686 915
795 666
645 966
7 509
765 443
792 386
332 57
507 443
89 430
39 128
307 953
12 230
943 953
810 415
748 127
457 658
464 874
208 294
564 909
462 188
626 654
532 358
680 762
820 121
702 591
764 814
240 274
105 264
477 974
85 907
627 377
955 77
969 985
593 727
58 418
167 884
347 620
75 76
334 993
223 883
395 12
663 518
241 902
536 830
107 883
752 118
17 977
826 559
692 729
276 631
606 386
709 964
902 854
460 464
674 40
823 854
990 328
415 640
361 778
441 32
204 276
986 931
417 468
263 676
175 839
114 54
145 78
673 940
922 615
527 864
943 814
94 593
386 672
158 740
773 339
564 632
551 101
788 446
529 426
52 662
818 330
714 425
414 799
63 334
306 559
763 171
156 373
360 351
413 345
159 503
439 166
397 564
423 857
807 809
445 350
140 445
636 158
529 231
31 903
935 605
234 449
504 866
661 241
82 316
193 368
753 884
176 200
191 821
713 657
932 820
533 246
654 922
47 789
999 783
446 855
435 190
644 74
479 536
307 705
814 385
4 944
853 272
338 813
506 507
285 490
676 169
654 415
399 658
969 385
467 512
983 471
928 369
30 933
602 837
177 108
11 92
580 418
827 422
339 217
653 457
773 895
83 506
256 40
665 684
508 384
130 46
860 839
938 328
707 836
557 654
467 756
212 273
546 87
522 544
926 124
668 181
298 801
950 518
22 204
291 350
187 799
250 932
883 680
227 689
695 88
874 401
399 208
237 504
174 716
394 872
387 25
184 372
448 168
990 508
870 910
367 957
939 210
21 136
83 914
449 881
465 728
760 481
502 997
478 434
220 124
556 427
877 650
797 85
925 821
989 577
178 666
279 209
78 448
691 813
506 573
361 764
1000 126
235 232
720 642
466 42
480 971
523 554
2 33
553 794
278 855
689 423
193 793
680 712
542 81
139 584
122 753
670 879
979 22
142 28
823 967
143 857
90 252
508 922
846 818
626 462
227 569
3 597
432 775
660 125
231 485
765 196
59 101
502 644
833 103
84 846
140 294
271 459
576 878
953 271
331 813
786 242
830 221
317 212
579 516
828 814
779 314
784 776
983 580
847 831
808 821
20 186
751 86
474 931
40 940
958 739
648 805
296 875
992 187
898 662
760 678
741 810
11 77
798 849
9 742
737 2
653 539
622 431
620 260
524 841
173 748
378 957
202 301
941 105
640 215
582 735
731 851
944 210
911 132
275 689
818 577
255 154
55 841
781 281
893 311
513 275
405 121
814 527
703 400
826 393
444 957
572 630
30 587
65 95
639 589
536 870
554 928
56 283
277 104
366 232
561 649
272 438
221 169
80 264
652 371
428 248
334 992
337 749
155 256
245 585
350 275
868 218
266 204
189 869
927 983
908 308
907 495
389 614
192 365
543 550
137 390
113 835
482 245
286 464
295 618
547 262
566 964
940 365
893 37
753 155
15 662
657 428
668 990
276 470
770 600
333 998
287 507
593 446
922 913
44 106
598 901
862 355
396 449
458 336
6 51
590 760
826 790
545 193
350 852
478 670
730 242
224 638
809 629
874 683
158 713
941 868
333 122
483 425
226 10
103 667
855 822
532 304
717 324
166 926
251 953
452 95
573 967
862 958
264 392
332 74
847 345
304 692
850 0
30 239
993 256
909 615
494 899
528 557
631 802
713 195
856 804
841 112
721 966
578 598
489 120
413 940
906 857
128 42
767 388
733 858
21 793
200 851
234 651
91 835
194 861
625 62
647 18